0.937166 0.000010 0.062824
0.888324 0.002275 0.109400
0.860148 0.073385 0.066466
0.999980 0.000010 0.000010
0.967896 0.029428 0.002676
0.999980 0.000010 0.000010
0.953183 0.041863 0.004954
0.999980 0.000010 0.000010
0.968343 0.031647 0.000010
0.999980 0.000010 0.000010
0.999980 0.000010 0.000010
0.944014 0.000010 0.055976
0.999980 0.000010 0.000010
0.999980 0.000010 0.000010
0.999980 0.000010 0.000010
0.999980 0.000010 0.000010
0.999980 0.000010 0.000010
0.999980 0.000010 0.000010
0.906469 0.076173 0.017358
0.999980 0.000010 0.000010
0.996768 0.000010 0.003222
0.999980 0.000010 0.000010
0.999980 0.000010 0.000010
0.974431 0.000010 0.025559
0.952116 0.047874 0.000010
0.959244 0.000010 0.040746
0.998933 0.001057 0.000010
0.999980 0.000010 0.000010
0.943367 0.056623 0.000010
0.999980 0.000010 0.000010
0.926769 0.068060 0.005171
0.956985 0.000010 0.043005
0.999980 0.000010 0.000010
0.999980 0.000010 0.000010
0.999980 0.000010 0.000010
0.999980 0.000010 0.000010
0.999980 0.000010 0.000010
0.964254 0.000010 0.035736
0.864216 0.033598 0.102185
0.999980 0.000010 0.000010
0.920312 0.079678 0.000010
0.924091 0.041136 0.034773
0.908275 0.000010 0.091715
0.999980 0.000010 0.000010
0.968010 0.031980 0.000010
0.928761 0.000010 0.071229
0.964508 0.035482 0.000010
0.999980 0.000010 0.000010
0.999980 0.000010 0.000010
0.937284 0.035221 0.027495
0.999980 0.000010 0.000010
0.904351 0.053375 0.042274
0.964080 0.000010 0.035910
0.933632 0.066358 0.000010
0.999980 0.000010 0.000010
0.908068 0.042816 0.049116
0.902915 0.000010 0.097075
0.999980 0.000010 0.000010
0.943410 0.000010 0.056580
0.999980 0.000010 0.000010
0.937463 0.000010 0.062527
0.966318 0.033672 0.000010
0.958664 0.000010 0.041326
0.966952 0.033038 0.000010
0.999980 0.000010 0.000010
0.932571 0.040913 0.026515
0.999980 0.000010 0.000010
0.997722 0.000010 0.002268
0.933354 0.000010 0.066636
0.899374 0.000010 0.100616
0.921911 0.078079 0.000010
0.978014 0.000010 0.021976
0.999980 0.000010 0.000010
0.999980 0.000010 0.000010
0.954446 0.045544 0.000010
0.999980 0.000010 0.000010
0.922159 0.000010 0.077831
0.999980 0.000010 0.000010
0.999980 0.000010 0.000010
0.999980 0.000010 0.000010
0.999980 0.000010 0.000010
0.949896 0.050094 0.000010
0.961000 0.038990 0.000010
0.964874 0.035116 0.000010
0.937508 0.062482 0.000010
0.999980 0.000010 0.000010
0.954857 0.000010 0.045133
0.932988 0.067002 0.000010
0.999980 0.000010 0.000010
0.999980 0.000010 0.000010
0.999980 0.000010 0.000010
0.999980 0.000010 0.000010
0.999980 0.000010 0.000010
0.938215 0.000010 0.061775
0.936071 0.000010 0.063919
0.999980 0.000010 0.000010
0.960809 0.000010 0.039181
0.999980 0.000010 0.000010
0.999980 0.000010 0.000010
0.999980 0.000010 0.000010
0.999980 0.000010 0.000010
0.953395 0.000010 0.046595
0.999980 0.000010 0.000010
0.926303 0.000010 0.073687
0.973237 0.000010 0.026753
0.999980 0.000010 0.000010
0.868234 0.000010 0.131756
0.885488 0.000010 0.114502
0.830112 0.002368 0.167519
0.999980 0.000010 0.000010
0.999980 0.000010 0.000010
0.935613 0.019575 0.044812
0.999980 0.000010 0.000010
0.999980 0.000010 0.000010
0.872069 0.005316 0.122615
0.999980 0.000010 0.000010
0.999980 0.000010 0.000010
0.962285 0.000010 0.037705
0.967694 0.000010 0.032296
0.999980 0.000010 0.000010
0.877101 0.000010 0.122889
0.990429 0.000010 0.009561
0.932558 0.000010 0.067432
0.999980 0.000010 0.000010
0.875290 0.005235 0.119475
0.999980 0.000010 0.000010
0.933721 0.000010 0.066269
0.936143 0.000010 0.063847
0.999980 0.000010 0.000010
0.895683 0.000010 0.104307
0.912618 0.000810 0.086573
0.916185 0.000010 0.083805
0.999980 0.000010 0.000010
0.999980 0.000010 0.000010
0.872302 0.045213 0.082485
0.893596 0.000010 0.106394
0.926269 0.000010 0.073721
0.966446 0.000010 0.033544
0.938189 0.055638 0.006173
0.999980 0.000010 0.000010
0.999980 0.000010 0.000010
0.947696 0.000010 0.052294
0.999980 0.000010 0.000010
0.999980 0.000010 0.000010
0.951889 0.048101 0.000010
0.955579 0.000010 0.044411
0.986422 0.000010 0.013568
0.899035 0.079185 0.021780
0.950597 0.000010 0.049393
0.921594 0.000010 0.078396
0.987311 0.000010 0.012679
0.922051 0.000010 0.077939
0.977330 0.022660 0.000010
0.885207 0.039508 0.075284
0.952526 0.000010 0.047464
0.999980 0.000010 0.000010
0.886274 0.000010 0.113716
0.999980 0.000010 0.000010
0.999980 0.000010 0.000010
0.973354 0.026636 0.000010
0.903485 0.012611 0.083905
0.916852 0.000010 0.083138
0.924266 0.056173 0.019561
0.892511 0.024761 0.082728
0.999980 0.000010 0.000010
0.940339 0.038520 0.021140
0.835664 0.000010 0.164326
0.999980 0.000010 0.000010
0.999980 0.000010 0.000010
0.965060 0.000010 0.034930
0.969837 0.030153 0.000010
0.999980 0.000010 0.000010
0.876537 0.065431 0.058031
0.999980 0.000010 0.000010
0.999980 0.000010 0.000010
0.970355 0.000010 0.029635
0.999980 0.000010 0.000010
0.999980 0.000010 0.000010
0.996034 0.000010 0.003956
0.999980 0.000010 0.000010
0.999980 0.000010 0.000010
0.879380 0.014609 0.106012
0.851504 0.049654 0.098842
0.913921 0.021750 0.064329
0.934442 0.000010 0.065548
0.000010 0.000010 0.999980
0.000010 0.000010 0.999980
0.000010 0.000010 0.999980
0.069929 0.000010 0.930061
0.000010 0.000010 0.999980
0.000010 0.000010 0.999980
0.000010 0.000010 0.999980
0.044799 0.000010 0.955191
0.000010 0.000010 0.999980
0.000010 0.000010 0.999980
0.000010 0.079477 0.920513
0.029899 0.000010 0.970091
0.000010 0.064076 0.935914
0.000010 0.000010 0.999980
0.067611 0.000010 0.932379
0.000010 0.000010 0.999980
0.000010 0.077671 0.922319
0.000010 0.000010 0.999980
0.000010 0.000010 0.999980
0.000010 0.000010 0.999980
0.031983 0.000010 0.968007
0.057051 0.018862 0.924087
0.000010 0.030275 0.969715
0.000010 0.000010 0.999980
0.035470 0.046280 0.918250
0.003867 0.000010 0.996123
0.000010 0.000010 0.999980
0.000010 0.000010 0.999980
0.000010 0.000010 0.999980
0.000010 0.000010 0.999980
0.000010 0.000010 0.999980
0.029663 0.000010 0.970327
0.076407 0.000010 0.923583
0.000010 0.000010 0.999980
0.000010 0.000010 0.999980
0.000010 0.000010 0.999980
0.068571 0.000010 0.931419
0.000010 0.000010 0.999980
0.000010 0.000010 0.999980
0.000010 0.021658 0.978332
0.000010 0.000010 0.999980
0.074768 0.000010 0.925222
0.823642 0.028933 0.147425
0.748839 0.147079 0.104081
0.598069 0.152310 0.249620
0.000010 0.095302 0.904688
0.000010 0.000010 0.999980
0.000010 0.000010 0.999980
0.000010 0.000010 0.999980
0.060115 0.097206 0.842679
0.000010 0.007127 0.992863
0.129587 0.000010 0.870403
0.061294 0.000010 0.938696
0.072264 0.000010 0.927726
0.006056 0.092773 0.901171
0.006054 0.002893 0.991053
0.000010 0.000010 0.999980
0.103683 0.000010 0.896307
0.049572 0.000010 0.950418
0.027909 0.000010 0.972081
0.000010 0.000010 0.999980
0.000010 0.000010 0.999980
0.000010 0.015235 0.984755
0.000010 0.000010 0.999980
0.066121 0.000010 0.933869
0.039641 0.000010 0.960349
0.068851 0.000010 0.931139
0.034781 0.000010 0.965209
0.000010 0.000010 0.999980
0.072341 0.015020 0.912638
0.000010 0.000010 0.999980
0.000010 0.000010 0.999980
0.000010 0.000010 0.999980
0.000010 0.061604 0.938386
0.000010 0.000010 0.999980
0.025404 0.000010 0.974586
0.000010 0.000010 0.999980
0.000010 0.032116 0.967874
0.000010 0.000010 0.999980
0.000010 0.016378 0.983612
0.685118 0.132325 0.182558
0.740506 0.085172 0.174322
0.763781 0.051992 0.184227
0.824875 0.015740 0.159384
0.000010 0.011355 0.988635
0.000010 0.000010 0.999980
0.000010 0.000010 0.999980
0.000010 0.000010 0.999980
0.000010 0.000010 0.999980
0.000010 0.000010 0.999980
0.026567 0.016696 0.956737
0.028721 0.000010 0.971269
0.000010 0.000010 0.999980
0.000010 0.000010 0.999980
0.100824 0.012787 0.886389
0.000010 0.000010 0.999980
0.000010 0.000010 0.999980
0.000010 0.030341 0.969649
0.000010 0.001164 0.998826
0.000010 0.000010 0.999980
0.080566 0.000010 0.919424
0.000010 0.000010 0.999980
0.071434 0.000010 0.928556
0.000010 0.000010 0.999980
0.000010 0.005596 0.994394
0.000010 0.036192 0.963798
0.003379 0.085812 0.910808
0.000010 0.000010 0.999980
0.000010 0.007089 0.992901
0.000010 0.000010 0.999980
0.020082 0.000010 0.979908
0.000010 0.006578 0.993412
0.904323 0.075073 0.020604
0.759393 0.044689 0.195918
0.696890 0.116182 0.186928
0.812257 0.105128 0.082615
0.832441 0.074666 0.092893
0.908094 0.090418 0.001487
0.800164 0.052379 0.147457
0.999980 0.000010 0.000010
0.498404 0.080340 0.421256
0.143721 0.000010 0.856269
0.000010 0.000010 0.999980
0.000010 0.000010 0.999980
0.105740 0.008253 0.886006
0.000010 0.000010 0.999980
0.105174 0.000010 0.894816
0.062127 0.000010 0.937863
0.000010 0.079348 0.920642
0.000010 0.000010 0.999980
0.000010 0.000010 0.999980
0.140618 0.000010 0.859372
0.000010 0.000010 0.999980
0.000010 0.000010 0.999980
0.000010 0.037700 0.962290
0.000010 0.000010 0.999980
0.837003 0.000010 0.162987
0.931848 0.068142 0.000010
0.555024 0.372288 0.072688
0.484514 0.173770 0.341716
0.441383 0.385768 0.172849
0.999980 0.000010 0.000010
0.616853 0.115067 0.268080
0.788216 0.211774 0.000010
0.933079 0.066911 0.000010
0.741746 0.000010 0.258244
0.479732 0.404191 0.116078
0.904355 0.095635 0.000010
0.860725 0.060388 0.078887
0.691022 0.074953 0.234025
0.771113 0.074167 0.154719
0.739465 0.060456 0.200079
0.816370 0.000010 0.183620
0.826523 0.069580 0.103897
0.872246 0.062590 0.065164
0.700174 0.234994 0.064832
0.640009 0.179887 0.180103
0.750237 0.091932 0.157831
0.547775 0.252209 0.200016
0.644817 0.108642 0.246541
0.602737 0.314172 0.083091
0.693366 0.130712 0.175922
0.770359 0.118319 0.111323
0.700029 0.150469 0.149502
0.652944 0.209126 0.137931
0.655876 0.145550 0.198574
0.837490 0.000010 0.162500
0.895265 0.104725 0.000010
0.862349 0.137641 0.000010
0.861961 0.138029 0.000010
0.634380 0.143109 0.222511
0.799518 0.032343 0.168140
0.848927 0.028921 0.122152
0.699294 0.300696 0.000010
0.190329 0.656645 0.153026
0.787889 0.145726 0.066385
0.585349 0.062938 0.351713
0.999980 0.000010 0.000010
0.787825 0.072429 0.139746
0.935515 0.064475 0.000010
0.746204 0.062953 0.190843
0.789842 0.055840 0.154318
0.754226 0.238183 0.007591
0.683770 0.139714 0.176516
0.870865 0.037064 0.092071
0.616363 0.035169 0.348469
0.870398 0.008234 0.121368
0.869670 0.031274 0.099056
0.543518 0.109758 0.346724
0.777696 0.000010 0.222294
0.526185 0.241244 0.232571
0.627475 0.121408 0.251117
0.536916 0.227893 0.235191
0.748786 0.188422 0.062792
0.485342 0.198020 0.316639
0.772817 0.097673 0.129510
0.895343 0.051452 0.053205
0.895744 0.052390 0.051866
0.521935 0.192275 0.285790
0.873475 0.060191 0.066334
0.743453 0.028101 0.228445
0.628986 0.245657 0.125356
0.881857 0.110456 0.007686
0.779262 0.127890 0.092848
0.764960 0.097802 0.137239
0.664072 0.000010 0.335918
0.652664 0.138284 0.209052
0.763585 0.108435 0.127980
0.445477 0.187549 0.366974
0.429446 0.275164 0.295389
0.597341 0.112239 0.290420
0.716001 0.135886 0.148113
0.712566 0.000010 0.287424
0.672273 0.224097 0.103630
0.824107 0.001893 0.174000
0.650023 0.146095 0.203882
0.577813 0.242742 0.179445
0.170735 0.670609 0.158656
0.587534 0.412456 0.000010
0.726338 0.153972 0.119690
0.869424 0.130566 0.000010
0.450335 0.235935 0.313730
0.644208 0.095488 0.260305
0.784189 0.000010 0.215801
0.601510 0.210629 0.187861
0.834674 0.000010 0.165316
0.775068 0.029931 0.195000
0.877239 0.090176 0.032585
0.799007 0.000010 0.200983
0.805007 0.080644 0.114349
0.697089 0.154623 0.148288
0.691541 0.092973 0.215485
0.912911 0.019350 0.067739
0.650767 0.000010 0.349223
0.928842 0.000010 0.071148
0.589271 0.132770 0.277959
0.962997 0.036993 0.000010
0.660322 0.319074 0.020604
0.713726 0.151709 0.134564
0.666365 0.177315 0.156321
0.823593 0.142900 0.033507
0.660220 0.202665 0.137115
0.733157 0.166343 0.100499
0.881417 0.118573 0.000010
0.923968 0.076022 0.000010
0.718418 0.149747 0.131834
0.717318 0.079860 0.202822
0.946210 0.053780 0.000010
0.511454 0.042776 0.445770
0.399347 0.365848 0.234805
0.619696 0.000010 0.380294
0.709942 0.141858 0.148200
0.760731 0.050804 0.188465
0.579959 0.061055 0.358986
0.770494 0.000010 0.229496
0.937965 0.062025 0.000010
0.999980 0.000010 0.000010
0.904452 0.005403 0.090144
0.895999 0.000010 0.103991
0.917229 0.082761 0.000010
0.686996 0.039994 0.273010
0.782467 0.127489 0.090044
0.451028 0.154101 0.394871
0.647707 0.101376 0.250917
0.720304 0.058570 0.221126
0.438365 0.155527 0.406109
0.762847 0.000010 0.237143
0.779746 0.062739 0.157516
0.631805 0.220810 0.147385
0.605291 0.108792 0.285918
0.377095 0.209478 0.413427
0.800244 0.048830 0.150925
0.836239 0.046405 0.117356
0.851554 0.033014 0.115431
0.384484 0.353727 0.261789
0.826217 0.107381 0.066402
0.662737 0.184839 0.152424
0.829245 0.170745 0.000010
0.763413 0.177815 0.058772
0.731623 0.265333 0.003044
0.746129 0.142190 0.111681
0.623778 0.164432 0.211790
0.792004 0.127246 0.080750
0.899763 0.036692 0.063545
0.730499 0.115951 0.153550
0.610507 0.176000 0.213493
0.727923 0.030689 0.241388
0.904193 0.000010 0.095797
0.733293 0.000010 0.266697
0.850594 0.000010 0.149396
0.678401 0.034601 0.286998
0.653158 0.103895 0.242947
0.640625 0.040898 0.318477
0.429834 0.072572 0.497595
0.865989 0.000010 0.134001
0.926362 0.073628 0.000010
0.571505 0.000010 0.428485
0.716240 0.118835 0.164925
0.760818 0.000010 0.239172
0.572262 0.234240 0.193498
0.459279 0.116314 0.424407
0.543636 0.091907 0.364457
0.913722 0.086268 0.000010
0.808832 0.000010 0.191158
0.808160 0.089422 0.102418
0.873159 0.000010 0.126831
0.440070 0.318502 0.241428
0.676618 0.000010 0.323372
0.817719 0.125798 0.056483
0.782220 0.000010 0.217770
0.928712 0.000010 0.071278
0.793610 0.070662 0.135728
0.538977 0.091622 0.369402
0.667446 0.000010 0.332544
0.640148 0.054037 0.305815
0.594475 0.111215 0.294310
0.822628 0.110691 0.066681
0.999980 0.000010 0.000010
0.968550 0.031440 0.000010
0.870194 0.092649 0.037157
0.926349 0.073641 0.000010
0.919121 0.024569 0.056310
0.970875 0.029115 0.000010
0.929143 0.070847 0.000010
0.953373 0.044074 0.002553
0.937651 0.062339 0.000010
0.999980 0.000010 0.000010
0.999980 0.000010 0.000010
0.999980 0.000010 0.000010
0.999980 0.000010 0.000010
0.923147 0.000010 0.076843
0.914356 0.033257 0.052387
0.900516 0.099474 0.000010
0.871237 0.128753 0.000010
0.999980 0.000010 0.000010
0.856126 0.038803 0.105070
0.916287 0.042860 0.040853
0.999980 0.000010 0.000010
0.971548 0.028442 0.000010
0.964326 0.035664 0.000010
0.884036 0.039612 0.076352
0.555586 0.398189 0.046226
0.468188 0.249299 0.282513
0.465558 0.000010 0.534432
0.747458 0.009506 0.243036
0.559937 0.076474 0.363588
0.217748 0.000010 0.782242
0.764278 0.000010 0.235712
0.597406 0.000010 0.402584
0.599727 0.202229 0.198044
0.616208 0.179190 0.204601
0.654789 0.051712 0.293499
0.708629 0.001365 0.290007
0.045730 0.062850 0.891420
0.000010 0.038280 0.961710
0.000010 0.000010 0.999980
0.030473 0.000010 0.969517
0.078606 0.000010 0.921384
0.000010 0.000010 0.999980
0.999980 0.000010 0.000010
0.975656 0.024334 0.000010
0.884325 0.115665 0.000010
0.897188 0.102802 0.000010
0.999980 0.000010 0.000010
0.999980 0.000010 0.000010
0.964077 0.000010 0.035913
0.929958 0.070032 0.000010
0.922922 0.077068 0.000010
0.999980 0.000010 0.000010
0.978457 0.021533 0.000010
0.913416 0.000010 0.086574
0.999980 0.000010 0.000010
0.969775 0.030215 0.000010
0.944143 0.055847 0.000010
0.966110 0.033880 0.000010
0.999980 0.000010 0.000010
0.971542 0.028448 0.000010
0.837885 0.162105 0.000010
0.999980 0.000010 0.000010
0.999980 0.000010 0.000010
0.999980 0.000010 0.000010
0.966124 0.033866 0.000010
0.998988 0.000010 0.001002
0.958920 0.041070 0.000010
0.999980 0.000010 0.000010
0.966087 0.000010 0.033903
0.995676 0.000010 0.004314
0.973112 0.026878 0.000010
0.999980 0.000010 0.000010
0.999980 0.000010 0.000010
0.999980 0.000010 0.000010
0.930207 0.069783 0.000010
0.999980 0.000010 0.000010
0.871646 0.104163 0.024191
0.960016 0.000010 0.039974
0.825419 0.054841 0.119740
0.999980 0.000010 0.000010
0.956974 0.043016 0.000010
0.857690 0.103127 0.039183
0.994389 0.005601 0.000010
0.999980 0.000010 0.000010
0.856202 0.143788 0.000010
0.900333 0.099657 0.000010
0.968360 0.031630 0.000010
0.999980 0.000010 0.000010
0.999980 0.000010 0.000010
0.999980 0.000010 0.000010
0.863746 0.000010 0.136244
0.999980 0.000010 0.000010
0.937125 0.016734 0.046141
0.954267 0.045723 0.000010
0.865196 0.134794 0.000010
0.940737 0.059253 0.000010
0.937173 0.000010 0.062817
0.875793 0.000010 0.124197
0.920647 0.079343 0.000010
0.999980 0.000010 0.000010
0.887384 0.073258 0.039359
0.932850 0.000010 0.067140
0.999980 0.000010 0.000010
0.999980 0.000010 0.000010
0.942760 0.000010 0.057230
0.916806 0.000010 0.083184
0.904182 0.057328 0.038490
0.960318 0.000010 0.039672
0.806042 0.076570 0.117387
0.999980 0.000010 0.000010
0.874099 0.117446 0.008455
0.871161 0.071667 0.057172
0.999980 0.000010 0.000010
0.999980 0.000010 0.000010
0.999980 0.000010 0.000010
0.005410 0.142109 0.852481
0.000010 0.000010 0.999980
0.062489 0.000010 0.937501
0.033807 0.052195 0.913998
0.000010 0.000010 0.999980
0.066798 0.025626 0.907576
0.059616 0.000010 0.940374
0.000010 0.098603 0.901387
0.000010 0.027497 0.972493
0.000010 0.000010 0.999980
0.000010 0.002239 0.997751
0.000010 0.000010 0.999980
0.000010 0.000010 0.999980
0.038412 0.000010 0.961578
0.000010 0.026249 0.973741
0.000010 0.000010 0.999980
0.000010 0.000010 0.999980
0.000010 0.019437 0.980553
0.000010 0.000010 0.999980
0.000010 0.043617 0.956373
0.000010 0.074734 0.925256
0.034756 0.074648 0.890595
0.000010 0.062019 0.937971
0.000010 0.000010 0.999980
0.000010 0.035485 0.964505
0.000010 0.000010 0.999980
0.000010 0.049429 0.950561
0.049826 0.000010 0.950164
0.000010 0.007087 0.992903
0.028934 0.000986 0.970080
0.039931 0.000010 0.960059
0.000010 0.056263 0.943727
0.030390 0.000010 0.969600
0.000010 0.032000 0.967990
0.054740 0.000010 0.945250
0.110934 0.000010 0.889056
0.000010 0.065004 0.934986
0.009782 0.000010 0.990208
0.058697 0.000010 0.941293
0.000010 0.000010 0.999980
0.000010 0.000010 0.999980
0.000010 0.003043 0.996947
0.044437 0.000010 0.955553
0.000010 0.000010 0.999980
0.091333 0.000010 0.908657
0.000010 0.000010 0.999980
0.000010 0.034171 0.965819
0.000010 0.000010 0.999980
0.000010 0.000010 0.999980
0.000010 0.000010 0.999980
0.000010 0.000010 0.999980
0.003980 0.038144 0.957876
0.094567 0.000010 0.905423
0.050750 0.000010 0.949240
0.087056 0.000010 0.912934
0.258543 0.037106 0.704351
0.149846 0.850144 0.000010
0.309630 0.621102 0.069268
0.208271 0.791719 0.000010
0.157075 0.842915 0.000010
0.090321 0.853525 0.056154
0.105777 0.839073 0.055151
0.013851 0.986139 0.000010
0.087875 0.912115 0.000010
0.363290 0.084675 0.552035
0.434339 0.261755 0.303906
0.090028 0.909962 0.000010
0.000010 0.999980 0.000010
0.229152 0.770838 0.000010
0.170512 0.829478 0.000010
0.009222 0.942525 0.048254
0.320792 0.000010 0.679198
0.392518 0.079212 0.528270
0.236241 0.000010 0.763749
0.380497 0.080600 0.538903
0.318729 0.000010 0.681261
0.364390 0.105970 0.529641
0.154792 0.021360 0.823848
0.281484 0.000010 0.718506
0.314966 0.084613 0.600421
0.295042 0.045396 0.659562
0.385914 0.055126 0.558960
0.508162 0.024105 0.467733
0.119827 0.000010 0.880163
0.477656 0.000010 0.522334
0.188735 0.114643 0.696622
0.208137 0.000010 0.791853
0.109129 0.060640 0.830230
0.388112 0.017127 0.594761
0.635419 0.062999 0.301582
0.230126 0.151849 0.618025
0.304840 0.042660 0.652500
0.060245 0.052904 0.886851
0.306058 0.020201 0.673741
0.270083 0.000010 0.729907
0.000010 0.951816 0.048174
0.079834 0.920156 0.000010
0.149303 0.010666 0.840031
0.601201 0.023718 0.375081
0.440471 0.000010 0.559519
0.137429 0.000010 0.862561
0.381008 0.000010 0.618982
0.413567 0.094243 0.492190
0.263624 0.171196 0.565180
0.192704 0.000010 0.807286
0.426827 0.000010 0.573163
0.259468 0.000010 0.740522
0.533828 0.009824 0.456348
0.361107 0.040233 0.598660
0.120439 0.037158 0.842403
0.118770 0.881220 0.000010
0.258454 0.741536 0.000010
0.478510 0.483485 0.038005
0.162422 0.837568 0.000010
0.045110 0.896984 0.057906
0.112337 0.000010 0.887653
0.270826 0.000010 0.729164
0.342576 0.000010 0.657414
0.378574 0.000010 0.621416
0.280893 0.042459 0.676648
0.377902 0.494372 0.127726
0.325296 0.058429 0.616275
0.088773 0.891605 0.019622
0.110549 0.889441 0.000010
0.121070 0.878920 0.000010
0.000010 0.931513 0.068477
0.101301 0.898689 0.000010
0.000010 0.000010 0.999980
0.000010 0.085938 0.914052
0.000010 0.016072 0.983918
0.000010 0.033134 0.966856
0.149406 0.000010 0.850584
0.000010 0.000010 0.999980
0.000010 0.000010 0.999980
0.055695 0.000010 0.944295
0.106310 0.054748 0.838941
0.000010 0.000010 0.999980
0.061967 0.000010 0.938023
0.000010 0.000010 0.999980
0.000010 0.065967 0.934023
0.021118 0.000010 0.978872
0.059818 0.015419 0.924763
0.000010 0.011759 0.988231
0.000010 0.004046 0.995944
0.023706 0.976284 0.000010
0.073188 0.926802 0.000010
0.142991 0.856999 0.000010
0.160329 0.827624 0.012047
0.043784 0.000010 0.956206
0.190296 0.000010 0.809694
0.000010 0.000010 0.999980
0.000010 0.000010 0.999980
0.000010 0.121791 0.878199
0.128975 0.000010 0.871015
0.115694 0.000010 0.884296
0.081490 0.029723 0.888787
0.000010 0.000010 0.999980
0.000010 0.000010 0.999980
0.000010 0.026982 0.973008
0.002444 0.065853 0.931703
0.000010 0.000010 0.999980
0.019553 0.000010 0.980437
0.000010 0.000010 0.999980
0.000010 0.000010 0.999980
0.000010 0.000010 0.999980
0.041127 0.000010 0.958863
0.025032 0.000010 0.974958
0.062517 0.003132 0.934351
0.043912 0.000010 0.956078
0.497304 0.029465 0.473231
0.621774 0.033310 0.344916
0.097473 0.902517 0.000010
0.230774 0.000010 0.769216
0.181000 0.065958 0.753042
0.234952 0.000010 0.765038
0.000010 0.954930 0.045060
0.244169 0.755821 0.000010
0.083457 0.916533 0.000010
0.036204 0.049248 0.914548
0.000010 0.000010 0.999980
0.031210 0.108700 0.860090
0.000010 0.000010 0.999980
0.001987 0.062110 0.935904
0.000010 0.035698 0.964292
0.058829 0.000010 0.941161
0.000010 0.000010 0.999980
0.000010 0.000010 0.999980
0.000010 0.076705 0.923285
0.000010 0.000010 0.999980
0.000010 0.000010 0.999980
0.000010 0.008442 0.991548
0.029029 0.000010 0.970961
0.000010 0.000010 0.999980
0.078635 0.000010 0.921355
0.086086 0.000010 0.913904
0.078707 0.884782 0.036511
0.054064 0.945926 0.000010
0.297999 0.014064 0.687937
0.093771 0.060152 0.846076
0.025836 0.000010 0.974154
0.000010 0.078269 0.921721
0.000010 0.000010 0.999980
0.000010 0.000010 0.999980
0.000010 0.084436 0.915554
0.000010 0.000010 0.999980
0.000010 0.000010 0.999980
0.000010 0.048265 0.951725
0.000010 0.020942 0.979048
0.000010 0.000010 0.999980
0.000010 0.000010 0.999980
0.000010 0.000010 0.999980
0.000010 0.003074 0.996916
0.000010 0.000010 0.999980
0.000010 0.000010 0.999980
0.000010 0.000010 0.999980
0.000010 0.000010 0.999980
0.000010 0.029318 0.970672
0.066888 0.000010 0.933102
0.000010 0.000010 0.999980
0.024506 0.001082 0.974412
0.999980 0.000010 0.000010
0.900159 0.064701 0.035140
0.944434 0.031236 0.024330
0.958155 0.000010 0.041835
0.999980 0.000010 0.000010
0.967304 0.000010 0.032686
0.999980 0.000010 0.000010
0.999980 0.000010 0.000010
0.965600 0.034390 0.000010
0.947046 0.052944 0.000010
0.999980 0.000010 0.000010
0.917342 0.082648 0.000010
0.953904 0.046086 0.000010
0.999980 0.000010 0.000010
0.000010 0.000010 0.999980
0.507673 0.000010 0.492317
0.460944 0.000010 0.539046
0.081857 0.828722 0.089421
0.117802 0.882188 0.000010
0.251958 0.000010 0.748032
0.260049 0.022661 0.717290
0.332683 0.000010 0.667307
0.272588 0.000010 0.727402
0.350648 0.039395 0.609957
0.212252 0.000010 0.787738
0.138048 0.073488 0.788463
0.295289 0.191406 0.513305
0.238873 0.000010 0.761117
0.447942 0.000010 0.552048
0.256706 0.000010 0.743284
0.062503 0.937487 0.000010
0.259121 0.740869 0.000010
0.159328 0.725604 0.115069
0.172831 0.827159 0.000010
0.338803 0.000010 0.661187
0.309270 0.037632 0.653098
0.299034 0.000010 0.700956
0.325823 0.000010 0.674167
0.385168 0.157370 0.457462
0.311970 0.000010 0.688020
0.432009 0.000010 0.567981
0.328227 0.000010 0.671763
0.146849 0.853141 0.000010
0.116705 0.827632 0.055664
0.111930 0.888060 0.000010
0.332792 0.000010 0.667198
0.000010 0.899368 0.100622
0.136397 0.863593 0.000010
0.017011 0.982979 0.000010
0.044975 0.922705 0.032320
0.000010 0.816917 0.183073
0.087605 0.912385 0.000010
0.000010 0.999980 0.000010
0.244352 0.755638 0.000010
0.029661 0.970329 0.000010
0.242927 0.757063 0.000010
0.089481 0.910509 0.000010
0.000010 0.999980 0.000010
0.121027 0.878963 0.000010
0.521569 0.017423 0.461009
0.275607 0.000010 0.724383
0.000010 0.000010 0.999980
0.000010 0.000010 0.999980
0.000010 0.000010 0.999980
0.000010 0.000010 0.999980
0.000010 0.076162 0.923828
0.000010 0.000010 0.999980
0.049005 0.000010 0.950985
0.000010 0.000010 0.999980
0.000010 0.000010 0.999980
0.000010 0.082934 0.917056
0.000010 0.110173 0.889817
0.000010 0.052154 0.947836
0.000010 0.000010 0.999980
0.038844 0.021621 0.939535
0.077461 0.000010 0.922529
0.000010 0.000010 0.999980
0.000010 0.094414 0.905576
0.000010 0.000010 0.999980
0.000237 0.044172 0.955592
0.071632 0.009027 0.919342
0.000010 0.000010 0.999980
0.000010 0.000010 0.999980
0.073153 0.000010 0.926837
0.007481 0.000010 0.992509
0.100824 0.000010 0.899166
0.000010 0.000010 0.999980
0.000010 0.000010 0.999980
0.092798 0.022306 0.884896
0.000010 0.000010 0.999980
0.000010 0.000010 0.999980
0.000010 0.000010 0.999980
0.000010 0.044008 0.955982
0.000010 0.027685 0.972305
0.000010 0.000010 0.999980
0.000010 0.000010 0.999980
0.053083 0.946907 0.000010
0.442135 0.557855 0.000010
0.303718 0.139802 0.556481
0.000010 0.999980 0.000010
0.083223 0.916767 0.000010
0.183133 0.785190 0.031676
0.099634 0.900356 0.000010
0.000010 0.999980 0.000010
0.375633 0.620549 0.003818
0.070466 0.929524 0.000010
0.054519 0.883727 0.061753
0.128245 0.871745 0.000010
0.091653 0.908337 0.000010
0.037319 0.962671 0.000010
0.000010 0.999980 0.000010
0.031480 0.945025 0.023495
0.086659 0.913331 0.000010
0.000010 0.814218 0.185772
0.202794 0.797196 0.000010
0.270012 0.681540 0.048448
0.151162 0.848828 0.000010
0.199330 0.800660 0.000010
0.006043 0.801172 0.192785
0.431231 0.568759 0.000010
0.121013 0.716298 0.162690
0.855346 0.046466 0.098188
0.905341 0.000010 0.094649
0.775990 0.083609 0.140402
0.885976 0.000010 0.114014
0.076770 0.923220 0.000010
0.181111 0.818879 0.000010
0.133724 0.866266 0.000010
0.166550 0.833440 0.000010
0.156709 0.843281 0.000010
0.082386 0.841064 0.076550
0.000010 0.926002 0.073988
0.029440 0.000010 0.970550
0.000010 0.000010 0.999980
0.000010 0.000010 0.999980
0.000010 0.000010 0.999980
0.230068 0.700844 0.069088
0.160683 0.839307 0.000010
0.000010 0.869577 0.130413
0.033784 0.966206 0.000010
0.137470 0.862520 0.000010
0.098915 0.901075 0.000010
0.124948 0.875042 0.000010
0.077093 0.922897 0.000010
0.052769 0.947221 0.000010
0.126152 0.873838 0.000010
0.062901 0.937089 0.000010
0.017384 0.982606 0.000010
0.000010 0.982753 0.017237
0.000010 0.999980 0.000010
0.000010 0.999980 0.000010
0.029826 0.970164 0.000010
0.039111 0.960879 0.000010
0.184319 0.742291 0.073390
0.000010 0.905754 0.094236
0.053867 0.946123 0.000010
0.026992 0.972998 0.000010
0.000010 0.999980 0.000010
0.000010 0.999980 0.000010
0.085620 0.914370 0.000010
0.022064 0.977926 0.000010
0.014752 0.985238 0.000010
0.000010 0.999980 0.000010
0.753208 0.082503 0.164289
0.710549 0.000010 0.289441
0.644219 0.281068 0.074713
0.827153 0.046582 0.126265
0.735876 0.095608 0.168517
0.020529 0.979461 0.000010
0.007938 0.968313 0.023749
0.097992 0.901872 0.000136
0.000010 0.949330 0.050660
0.000010 0.920464 0.079526
0.000010 0.999980 0.000010
0.000010 0.999980 0.000010
0.006526 0.978096 0.015378
0.000010 0.999980 0.000010
0.022562 0.968077 0.009361
0.000010 0.987576 0.012414
0.011941 0.988049 0.000010
0.000010 0.963981 0.036009
0.038529 0.961461 0.000010
0.000010 0.999980 0.000010
0.116273 0.883717 0.000010
0.611469 0.000010 0.388521
0.729398 0.000010 0.270592
0.763897 0.163417 0.072685
0.802548 0.000010 0.197442
0.714810 0.012616 0.272574
0.813081 0.021912 0.165007
0.682479 0.084637 0.232884
0.688196 0.000010 0.311794
0.688938 0.081647 0.229414
0.789415 0.139272 0.071313
0.000010 0.999980 0.000010
0.000010 0.999980 0.000010
0.000010 0.999980 0.000010
0.069512 0.930478 0.000010
0.000010 0.945376 0.054614
0.064328 0.935662 0.000010
0.926246 0.000010 0.073744
0.749728 0.000010 0.250262
0.679037 0.047720 0.273243
0.502531 0.052991 0.444478
0.607872 0.170336 0.221792
0.776517 0.080810 0.142672
0.677285 0.074329 0.248387
0.999980 0.000010 0.000010
0.873010 0.066914 0.060076
0.734041 0.113287 0.152672
0.718148 0.001118 0.280734
0.774983 0.000010 0.225007
0.772812 0.000010 0.227178
0.031424 0.968566 0.000010
0.000010 0.974156 0.025834
0.000010 0.999980 0.000010
0.015725 0.984265 0.000010
0.000010 0.999980 0.000010
0.027203 0.972787 0.000010
0.547271 0.202708 0.250021
0.678195 0.321795 0.000010
0.634783 0.024941 0.340276
0.470466 0.195340 0.334194
0.898876 0.000010 0.101114
0.718813 0.092221 0.188966
0.715858 0.056557 0.227585
0.683558 0.105096 0.211346
0.789942 0.000010 0.210048
0.032296 0.967694 0.000010
0.000010 0.974899 0.025091
0.032246 0.967744 0.000010
0.049200 0.950790 0.000010
0.000010 0.943576 0.056414
0.033641 0.966349 0.000010
0.011358 0.988632 0.000010
0.000010 0.999980 0.000010
0.037555 0.957275 0.005170
0.656152 0.142343 0.201506
0.771209 0.188520 0.040271
0.574023 0.123269 0.302708
0.790748 0.035242 0.174010
0.792769 0.144415 0.062816
0.750806 0.110375 0.138820
0.639641 0.000010 0.360349
0.623849 0.173872 0.202279
0.766828 0.103095 0.130077
0.567627 0.150698 0.281674
0.608264 0.054270 0.337466
0.687177 0.087250 0.225573
0.049298 0.950692 0.000010
0.039932 0.960058 0.000010
0.000010 0.999980 0.000010
0.032690 0.967300 0.000010
0.048827 0.951163 0.000010
0.023346 0.976644 0.000010
0.011625 0.988365 0.000010
0.053179 0.946811 0.000010
0.000010 0.975479 0.024511
0.024893 0.975097 0.000010
0.000010 0.967136 0.032854
0.057490 0.942500 0.000010
0.057585 0.942405 0.000010
0.043701 0.927979 0.028321
0.085445 0.914545 0.000010
0.235639 0.764351 0.000010
0.000010 0.999980 0.000010
0.051059 0.948931 0.000010
0.078259 0.921731 0.000010
0.000010 0.999980 0.000010
0.000010 0.999980 0.000010
0.043548 0.956442 0.000010
0.097351 0.902639 0.000010
0.000010 0.987700 0.012290
0.060762 0.939228 0.000010
0.131768 0.868222 0.000010
0.022631 0.977359 0.000010
0.000010 0.941555 0.058435
0.069872 0.917752 0.012376
0.076356 0.923634 0.000010
0.035612 0.964378 0.000010
0.035831 0.956263 0.007906
0.014698 0.941585 0.043717
0.139885 0.860105 0.000010
0.000010 0.987812 0.012178
0.036991 0.962999 0.000010
0.025897 0.974093 0.000010
0.000010 0.999980 0.000010
0.000010 0.999980 0.000010
0.000010 0.999980 0.000010
0.017286 0.982704 0.000010
0.022852 0.977138 0.000010
0.000010 0.999980 0.000010
0.000010 0.966795 0.033195
0.000010 0.965113 0.034877
0.000010 0.999980 0.000010
0.000010 0.998487 0.001503
0.000010 0.999980 0.000010
0.000010 0.999980 0.000010
0.000010 0.974515 0.025475
0.038617 0.961373 0.000010
0.000010 0.999980 0.000010
0.018775 0.981215 0.000010
0.000010 0.999980 0.000010
0.000010 0.999980 0.000010
0.029180 0.970810 0.000010
0.034091 0.965899 0.000010
0.007655 0.943945 0.048400
0.531757 0.180515 0.287728
0.749475 0.153789 0.096736
0.732912 0.070354 0.196734
0.494913 0.074668 0.430419
0.507852 0.151723 0.340424
0.609390 0.000010 0.390600
0.817956 0.000010 0.182034
0.392243 0.202718 0.405039
0.507780 0.000010 0.492210
0.631096 0.000010 0.368894
0.030295 0.969695 0.000010
0.000010 0.999980 0.000010
0.123004 0.876986 0.000010
0.059209 0.940781 0.000010
0.018260 0.981730 0.000010
0.000010 0.999980 0.000010
0.107836 0.892154 0.000010
0.000010 0.950813 0.049177
0.000010 0.964617 0.035373
0.051189 0.893132 0.055678
0.076189 0.923801 0.000010
0.029670 0.970320 0.000010
0.000010 0.922037 0.077953
0.049998 0.949992 0.000010
0.000010 0.999980 0.000010
0.025972 0.974018 0.000010
0.000010 0.999980 0.000010
0.050625 0.949365 0.000010
0.000010 0.996215 0.003775
0.000010 0.999980 0.000010
0.000010 0.999980 0.000010
0.014581 0.985409 0.000010
0.073614 0.926376 0.000010
0.023818 0.976172 0.000010
0.000010 0.971901 0.028089
0.021083 0.978907 0.000010
0.035525 0.964465 0.000010
0.000010 0.924095 0.075895
0.019559 0.980431 0.000010
0.016490 0.983500 0.000010
0.000010 0.999980 0.000010
0.044031 0.955959 0.000010
0.045482 0.954508 0.000010
0.000010 0.999980 0.000010
0.000010 0.995968 0.004022
0.000010 0.999980 0.000010
0.000010 0.999980 0.000010
0.000010 0.992894 0.007096
0.000010 0.969181 0.030809
0.000010 0.939365 0.060625
0.000010 0.999980 0.000010
0.000010 0.967081 0.032909
0.000010 0.999980 0.000010
0.000010 0.999980 0.000010
0.033349 0.966641 0.000010
0.000010 0.956987 0.043003
0.000010 0.999980 0.000010
0.000010 0.975330 0.024660
0.000010 0.999980 0.000010
0.000010 0.950558 0.049432
0.000010 0.999980 0.000010
0.000010 0.999980 0.000010
0.034568 0.965422 0.000010
0.000010 0.975524 0.024466
0.024737 0.975253 0.000010
0.000010 0.999980 0.000010
0.000010 0.999980 0.000010
0.000010 0.987063 0.012927
0.000010 0.951422 0.048568
0.032260 0.967730 0.000010
0.000010 0.999980 0.000010
0.000010 0.999980 0.000010
0.031316 0.968674 0.000010
0.000010 0.995446 0.004544
0.004294 0.995696 0.000010
0.000010 0.971141 0.028849
0.000010 0.999980 0.000010
0.000010 0.999980 0.000010
0.000010 0.999980 0.000010
0.000010 0.999980 0.000010
0.013664 0.986326 0.000010
0.054583 0.945407 0.000010
0.008639 0.991351 0.000010
0.016469 0.983521 0.000010
0.000010 0.999980 0.000010
0.050698 0.949292 0.000010
0.025920 0.974070 0.000010
0.007887 0.992103 0.000010
0.000010 0.953826 0.046164
0.000010 0.999980 0.000010
0.000010 0.960199 0.039791
0.000010 0.999980 0.000010
0.016451 0.983539 0.000010
0.042010 0.957980 0.000010
0.764789 0.000010 0.235201
0.784754 0.000010 0.215236
0.800366 0.090987 0.108647
0.620607 0.117930 0.261463
0.886332 0.065214 0.048454
0.623538 0.193654 0.182808
0.049222 0.950768 0.000010
0.000010 0.973650 0.026340
0.063261 0.936729 0.000010
0.029058 0.970932 0.000010
0.015037 0.976523 0.008440
0.038650 0.961340 0.000010
0.000010 0.999980 0.000010
0.000010 0.999980 0.000010
0.000010 0.999980 0.000010
0.000010 0.999980 0.000010
0.030639 0.969351 0.000010
0.000010 0.999980 0.000010
0.000010 0.999980 0.000010
0.010723 0.989267 0.000010
0.000010 0.965945 0.034045
0.000010 0.999980 0.000010
0.000010 0.999980 0.000010
0.032160 0.967830 0.000010
0.000010 0.944186 0.055804
0.018270 0.981720 0.000010
0.000010 0.995148 0.004842
0.000010 0.996655 0.003335
0.023501 0.976489 0.000010
0.000010 0.999980 0.000010
0.000010 0.997292 0.002698
0.000010 0.999980 0.000010
0.033595 0.966395 0.000010
0.000010 0.999980 0.000010
0.000010 0.999980 0.000010
0.000010 0.999980 0.000010
0.000010 0.977991 0.021999
0.000010 0.999980 0.000010
0.077153 0.922837 0.000010
0.026379 0.930770 0.042852
0.000010 0.978131 0.021859
0.000010 0.999980 0.000010
0.000010 0.999980 0.000010
0.000010 0.999980 0.000010
0.000010 0.988659 0.011331
0.000010 0.999980 0.000010
0.000010 0.999980 0.000010
0.000010 0.999980 0.000010
0.000010 0.999980 0.000010
0.005477 0.994513 0.000010
0.000010 0.999980 0.000010
0.063384 0.936606 0.000010
0.000010 0.999980 0.000010
0.047038 0.952952 0.000010
0.000010 0.999980 0.000010
0.000010 0.999980 0.000010
0.000010 0.999980 0.000010
0.060170 0.929918 0.009912
0.016886 0.957332 0.025783
0.000010 0.999980 0.000010
0.000010 0.999980 0.000010
0.020288 0.979702 0.000010
0.000010 0.999980 0.000010
0.000010 0.995217 0.004773
0.000010 0.999980 0.000010
0.000010 0.999980 0.000010
0.083894 0.916096 0.000010
0.008455 0.991535 0.000010
0.045584 0.954406 0.000010
0.000010 0.999980 0.000010
0.000010 0.999980 0.000010
0.000010 0.999980 0.000010
0.025782 0.974208 0.000010
0.000010 0.999980 0.000010
0.024447 0.975543 0.000010
0.000010 0.999980 0.000010
0.000010 0.999980 0.000010
0.000010 0.977384 0.022606
0.000010 0.999980 0.000010
0.000010 0.999980 0.000010
0.849292 0.000010 0.150698
0.860881 0.051306 0.087813
0.757692 0.102276 0.140032
0.011221 0.988769 0.000010
0.000010 0.999980 0.000010
0.039170 0.960820 0.000010
0.000010 0.999980 0.000010
0.000010 0.967190 0.032800
0.055867 0.944123 0.000010
0.000010 0.999980 0.000010
0.026175 0.973815 0.000010
0.000010 0.999980 0.000010
0.000010 0.942485 0.057505
0.000010 0.963829 0.036161
0.003666 0.996324 0.000010
0.000010 0.999980 0.000010
0.000010 0.994700 0.005290
0.027155 0.969388 0.003457
0.029114 0.970876 0.000010
0.089112 0.910878 0.000010
0.000010 0.999980 0.000010
0.000010 0.999980 0.000010
0.040612 0.959378 0.000010
0.021859 0.978131 0.000010
0.045234 0.954756 0.000010
0.000010 0.999980 0.000010
0.000010 0.999980 0.000010
0.021772 0.978218 0.000010
0.515255 0.126826 0.357919
0.748344 0.012590 0.239065
0.559494 0.110758 0.329748
0.645740 0.121287 0.232973
0.421175 0.259634 0.319191
0.468502 0.132067 0.399431
0.717547 0.069251 0.213202
0.396625 0.153871 0.449504
0.613070 0.166753 0.220177
0.456055 0.108006 0.435939
0.631235 0.000010 0.368755
0.615225 0.080864 0.303911
0.632312 0.024945 0.342743
0.674655 0.042808 0.282536
0.821005 0.046611 0.132384
0.660066 0.006383 0.333550
0.697618 0.088779 0.213603
0.770602 0.023240 0.206158
0.819794 0.076842 0.103364
0.558220 0.113796 0.327983
0.715044 0.017011 0.267944
0.744467 0.035573 0.219959
0.529852 0.007428 0.462721
0.781568 0.150381 0.068051
0.816870 0.065930 0.117201
0.522453 0.143686 0.333861
0.744397 0.050432 0.205171
0.470621 0.053430 0.475949
0.595373 0.148573 0.256053
0.749783 0.231040 0.019177
0.683710 0.042214 0.274076
0.510776 0.110412 0.378813
0.703223 0.027771 0.269005
0.856004 0.000010 0.143986
0.680923 0.056807 0.262270
0.558853 0.000010 0.441137
0.553798 0.098321 0.347881
0.547629 0.136074 0.316297
0.433347 0.005235 0.561418
0.519233 0.060849 0.419918
0.508487 0.192159 0.299354
0.511615 0.247313 0.241072
0.979042 0.000010 0.020948
0.584690 0.080242 0.335068
0.724714 0.058143 0.217142
0.552903 0.208456 0.238641
0.588225 0.135429 0.276347
0.444948 0.000010 0.555042
0.649785 0.103967 0.246248
0.700465 0.066305 0.233230
0.499901 0.209324 0.290775
0.464942 0.145706 0.389353
0.659971 0.000010 0.340019
0.674805 0.041095 0.284100
0.618753 0.000010 0.381237
0.583522 0.047322 0.369156
0.755947 0.064862 0.179191
0.721470 0.020141 0.258389
0.682760 0.022060 0.295180
0.691859 0.033714 0.274427
0.721042 0.052280 0.226677
0.636623 0.000010 0.363367
0.576183 0.240138 0.183679
0.423115 0.157259 0.419626
0.383969 0.121950 0.494081
0.668776 0.041607 0.289617
0.722573 0.088457 0.188971
0.535282 0.088389 0.376329
0.561413 0.162358 0.276228
0.765437 0.069996 0.164568
0.509985 0.107246 0.382770
0.586176 0.059931 0.353893
0.790264 0.039746 0.169990
0.845960 0.154030 0.000010
0.701390 0.000010 0.298600
0.709367 0.137559 0.153074
0.574351 0.036504 0.389145
0.628990 0.111896 0.259114
0.934119 0.054049 0.011832
0.624203 0.097392 0.278404
0.524905 0.186122 0.288972
0.794864 0.118063 0.087073
0.778615 0.157549 0.063836
0.361571 0.299272 0.339157
0.542252 0.000010 0.457738
0.641540 0.000010 0.358450
0.540883 0.162818 0.296299
0.703221 0.000010 0.296769
0.586573 0.061632 0.351795
0.881258 0.118732 0.000010
0.624239 0.111306 0.264455
0.642788 0.140641 0.216571
0.687244 0.098876 0.213880
0.645030 0.180064 0.174905
0.520296 0.000010 0.479694
0.583399 0.233760 0.182841
0.478822 0.075475 0.445703
0.788238 0.042553 0.169208
0.843033 0.000010 0.156957
0.418627 0.129605 0.451769
0.614679 0.153609 0.231712
0.673442 0.000028 0.326530
0.620580 0.131911 0.247509
0.568000 0.021760 0.410241
0.538897 0.111242 0.349861
0.582064 0.285842 0.132094
0.756738 0.110719 0.132543
0.780047 0.000010 0.219943
0.838022 0.044811 0.117167
0.590683 0.137561 0.271756
0.498233 0.248576 0.253191
0.736346 0.136850 0.126804
0.514349 0.000010 0.485641
0.504157 0.154693 0.341150
0.502816 0.000010 0.497174
0.478041 0.099558 0.422402
0.563414 0.104775 0.331810
0.564630 0.099789 0.335581
0.643979 0.090982 0.265039
0.492879 0.064538 0.442583
0.492656 0.000010 0.507334
0.490631 0.062139 0.447230
0.598086 0.000010 0.401904
0.610399 0.140080 0.249521
0.521260 0.004565 0.474175
0.764726 0.000010 0.235264
0.621361 0.057406 0.321232
0.554040 0.143537 0.302423
0.580138 0.045195 0.374667
0.499051 0.055226 0.445723
0.592458 0.110110 0.297432
0.802040 0.149517 0.048443
0.738357 0.000010 0.261633
0.461169 0.222055 0.316777
0.540597 0.132042 0.327361
